[gd_scene load_steps=2 format=2]

[ext_resource path="res://Plane/Plane.glb" type="PackedScene" id=1]

[node name="Plane" instance=ExtResource( 1 )]

[node name="FLAPS" parent="Plane/Body/Parts" index="3"]
transform = Transform( 1, 0, 0, 0, 1, 0, 0, 0, 1, 0, 0.583941, 0.550695 )

[node name="LEFT_AILERON" parent="Plane/Body/Parts" index="5"]
transform = Transform( 0.998393, -0.00594799, 0.0563578, -0.0260467, 0.835052, 0.549556, -0.0503304, -0.550142, 0.833555, 3.33258, 0.485874, 0.670038 )

[node name="PROP" parent="Plane/Body/Parts" index="6"]
transform = Transform( -0.850581, 0, -0.525844, 0, 1, 0, 0.525844, 0, -0.850581, 0.00419239, -2.13023, -0.0369639 )

[node name="RIGHT_AILERON" parent="Plane/Body/Parts" index="7"]
transform = Transform( 0.997532, -0.00486024, -0.0700524, 0.0434374, 0.826543, 0.561196, 0.0551737, -0.562854, 0.824714, -3.33248, 0.485729, 0.668001 )

[node name="RUDDER" parent="Plane/Body/Parts" index="8"]
transform = Transform( 0.908867, 0.392206, -0.141903, -0.404182, 0.912182, -0.067545, 0.10295, 0.118744, 0.987574, 0, 3.97464, 0 )
